[0m [0m [0m[38;2;30;41;59m▄[38;2;30;41;59m[48;2;15;23;42m▀[38;2;30;41;59m[48;2;15;23;42m▀[38;2;30;41;59m[48;2;15;23;42m▀[38;2;30;41;59m[48;2;15;23;42m▀[38;2;30;41;59m[48;2;15;23;42m▀[38;2;30;41;59m[48;2;15;23;42m▀[38;2;30;41;59m[48;2;15;23;42m▀[38;2;30;41;59m[48;2;15;23;42m▀[38;2;30;41;59m[48;2;15;23;42m▀[38;2;30;41;59m[48;2;15;23;42m▀[38;2;30;41;59m[48;2;15;23;42m▀[38;2;30;41;59m[48;2;15;23;42m▀[38;2;30;41;59m[48;2;15;23;42m▀[38;2;30;41;59m[48;2;15;23;42m▀[38;2;30;41;59m[48;2;15;23;42m▀[38;2;30;41;59m[48;2;15;23;42m▀[38;2;30;41;59m[48;2;15;23;42m▀[38;2;30;41;59m[48;2;15;23;42m▀[38;2;30;41;59m[48;2;15;23;42m▀[38;2;30;41;59m[48;2;15;23;42m▀[38;2;30;41;59m[48;2;15;23;42m▀[38;2;30;41;59m[48;2;15;23;42m▀[38;2;30;41;59m[48;2;15;23;42m▀[38;2;30;41;59m[48;2;15;23;42m▀[38;2;30;41;59m[48;2;15;23;42m▀[38;2;30;41;59m[48;2;15;23;42m▀[0m[38;2;30;41;59m▄[0m [0m [0m
[0m[38;2;30;41;59m▄[38;2;30;41;59m[48;2;15;23;42m▀[38;2;15;23;42m[48;2;15;23;42m▀[38;2;15;23;42m[48;2;15;23;42m▀[38;2;15;23;42m[48;2;15;23;42m▀[38;2;15;23;42m[48;2;15;23;42m▀[38;2;15;23;42m[48;2;15;23;42m▀[38;2;15;23;42m[48;2;15;23;42m▀[38;2;15;23;42m[48;2;15;23;42m▀[38;2;15;23;42m[48;2;15;23;42m▀[38;2;15;23;42m[48;2;15;23;42m▀[38;2;15;23;42m[48;2;15;23;42m▀[38;2;15;23;42m[48;2;15;23;42m▀[38;2;15;23;42m[48;2;15;23;42m▀[38;2;15;23;42m[48;2;15;23;42m▀[38;2;15;23;42m[48;2;103;232;249m▀[38;2;15;23;42m[48;2;103;232;249m▀[38;2;15;23;42m[48;2;15;23;42m▀[38;2;15;23;42m[48;2;15;23;42m▀[38;2;15;23;42m[48;2;15;23;42m▀[38;2;15;23;42m[48;2;15;23;42m▀[38;2;15;23;42m[48;2;15;23;42m▀[38;2;15;23;42m[48;2;15;23;42m▀[38;2;15;23;42m[48;2;15;23;42m▀[38;2;15;23;42m[48;2;15;23;42m▀[38;2;15;23;42m[48;2;15;23;42m▀[38;2;15;23;42m[48;2;15;23;42m▀[38;2;15;23;42m[48;2;15;23;42m▀[38;2;15;23;42m[48;2;15;23;42m▀[38;2;15;23;42m[48;2;15;23;42m▀[38;2;30;41;59m[48;2;15;23;42m▀[0m[38;2;30;41;59m▄[0m
[38;2;30;41;59m[48;2;30;41;59m▀[38;2;15;23;42m[48;2;15;23;42m▀[38;2;15;23;42m[48;2;15;23;42m▀[38;2;15;23;42m[48;2;15;23;42m▀[38;2;15;23;42m[48;2;15;23;42m▀[38;2;15;23;42m[48;2;15;23;42m▀[38;2;15;23;42m[48;2;15;23;42m▀[38;2;15;23;42m[48;2;15;23;42m▀[38;2;15;23;42m[48;2;15;23;42m▀[38;2;15;23;42m[48;2;15;23;42m▀[38;2;15;23;42m[48;2;15;23;42m▀[38;2;15;23;42m[48;2;15;23;42m▀[38;2;15;23;42m[48;2;15;23;42m▀[38;2;15;23;42m[48;2;15;23;42m▀[38;2;103;232;249m[48;2;103;232;249m▀[38;2;34;211;238m[48;2;34;211;238m▀[38;2;34;211;238m[48;2;34;211;238m▀[38;2;103;232;249m[48;2;8;145;178m▀[38;2;15;23;42m[48;2;21;94;117m▀[38;2;15;23;42m[48;2;15;23;42m▀[38;2;15;23;42m[48;2;15;23;42m▀[38;2;15;23;42m[48;2;15;23;42m▀[38;2;15;23;42m[48;2;15;23;42m▀[38;2;15;23;42m[48;2;15;23;42m▀[38;2;15;23;42m[48;2;15;23;42m▀[38;2;15;23;42m[48;2;15;23;42m▀[38;2;15;23;42m[48;2;15;23;42m▀[38;2;15;23;42m[48;2;15;23;42m▀[38;2;15;23;42m[48;2;15;23;42m▀[38;2;15;23;42m[48;2;15;23;42m▀[38;2;15;23;42m[48;2;15;23;42m▀[38;2;30;41;59m[48;2;30;41;59m▀[0m
[38;2;30;41;59m[48;2;30;41;59m▀[38;2;15;23;42m[48;2;15;23;42m▀[38;2;15;23;42m[48;2;15;23;42m▀[38;2;15;23;42m[48;2;15;23;42m▀[38;2;15;23;42m[48;2;15;23;42m▀[38;2;15;23;42m[48;2;103;232;249m▀[38;2;103;232;249m[48;2;34;211;238m▀[38;2;103;232;249m[48;2;34;211;238m▀[38;2;15;23;42m[48;2;103;232;249m▀[38;2;15;23;42m[48;2;103;232;249m▀[38;2;15;23;42m[48;2;15;23;42m▀[38;2;15;23;42m[48;2;15;23;42m▀[38;2;15;23;42m[48;2;15;23;42m▀[38;2;15;23;42m[48;2;15;23;42m▀[38;2;103;232;249m[48;2;103;232;249m▀[38;2;34;211;238m[48;2;34;211;238m▀[38;2;34;211;238m[48;2;34;211;238m▀[38;2;8;145;178m[48;2;8;145;178m▀[38;2;21;94;117m[48;2;21;94;117m▀[38;2;15;23;42m[48;2;15;23;42m▀[38;2;15;23;42m[48;2;15;23;42m▀[38;2;15;23;42m[48;2;15;23;42m▀[38;2;15;23;42m[48;2;103;232;249m▀[38;2;15;23;42m[48;2;103;232;249m▀[38;2;103;232;249m[48;2;34;211;238m▀[38;2;103;232;249m[48;2;34;211;238m▀[38;2;15;23;42m[48;2;103;232;249m▀[38;2;15;23;42m[48;2;15;23;42m▀[38;2;15;23;42m[48;2;15;23;42m▀[38;2;15;23;42m[48;2;15;23;42m▀[38;2;15;23;42m[48;2;15;23;42m▀[38;2;30;41;59m[48;2;30;41;59m▀[0m
[38;2;30;41;59m[48;2;30;41;59m▀[38;2;15;23;42m[48;2;15;23;42m▀[38;2;15;23;42m[48;2;15;23;42m▀[38;2;15;23;42m[48;2;15;23;42m▀[38;2;15;23;42m[48;2;15;23;42m▀[38;2;15;23;42m[48;2;15;23;42m▀[38;2;103;232;249m[48;2;15;23;42m▀[38;2;34;211;238m[48;2;103;232;249m▀[38;2;34;211;238m[48;2;34;211;238m▀[38;2;34;211;238m[48;2;34;211;238m▀[38;2;103;232;249m[48;2;34;211;238m▀[38;2;15;23;42m[48;2;103;232;249m▀[38;2;15;23;42m[48;2;15;23;42m▀[38;2;15;23;42m[48;2;15;23;42m▀[38;2;103;232;249m[48;2;103;232;249m▀[38;2;34;211;238m[48;2;34;211;238m▀[38;2;34;211;238m[48;2;34;211;238m▀[38;2;8;145;178m[48;2;8;145;178m▀[38;2;21;94;117m[48;2;21;94;117m▀[38;2;15;23;42m[48;2;15;23;42m▀[38;2;15;23;42m[48;2;103;232;249m▀[38;2;103;232;249m[48;2;34;211;238m▀[38;2;34;211;238m[48;2;34;211;238m▀[38;2;34;211;238m[48;2;34;211;238m▀[38;2;34;211;238m[48;2;8;145;178m▀[38;2;8;145;178m[48;2;21;94;117m▀[38;2;21;94;117m[48;2;21;94;117m▀[38;2;21;94;117m[48;2;15;23;42m▀[38;2;15;23;42m[48;2;15;23;42m▀[38;2;15;23;42m[48;2;15;23;42m▀[38;2;15;23;42m[48;2;15;23;42m▀[38;2;30;41;59m[48;2;30;41;59m▀[0m
[38;2;30;41;59m[48;2;30;41;59m▀[38;2;15;23;42m[48;2;15;23;42m▀[38;2;15;23;42m[48;2;15;23;42m▀[38;2;15;23;42m[48;2;15;23;42m▀[38;2;15;23;42m[48;2;15;23;42m▀[38;2;15;23;42m[48;2;15;23;42m▀[38;2;15;23;42m[48;2;15;23;42m▀[38;2;15;23;42m[48;2;15;23;42m▀[38;2;103;232;249m[48;2;15;23;42m▀[38;2;34;211;238m[48;2;103;232;249m▀[38;2;34;211;238m[48;2;34;211;238m▀[38;2;34;211;238m[48;2;34;211;238m▀[38;2;103;232;249m[48;2;34;211;238m▀[38;2;15;23;42m[48;2;103;232;249m▀[38;2;103;232;249m[48;2;34;211;238m▀[38;2;34;211;238m[48;2;34;211;238m▀[38;2;34;211;238m[48;2;34;211;238m▀[38;2;8;145;178m[48;2;34;211;238m▀[38;2;21;94;117m[48;2;103;232;249m▀[38;2;103;232;249m[48;2;34;211;238m▀[38;2;34;211;238m[48;2;34;211;238m▀[38;2;34;211;238m[48;2;34;211;238m▀[38;2;34;211;238m[48;2;8;145;178m▀[38;2;8;145;178m[48;2;21;94;117m▀[38;2;21;94;117m[48;2;21;94;117m▀[38;2;21;94;117m[48;2;15;23;42m▀[38;2;15;23;42m[48;2;15;23;42m▀[38;2;15;23;42m[48;2;15;23;42m▀[38;2;15;23;42m[48;2;15;23;42m▀[38;2;15;23;42m[48;2;15;23;42m▀[38;2;15;23;42m[48;2;15;23;42m▀[38;2;30;41;59m[48;2;30;41;59m▀[0m
[38;2;30;41;59m[48;2;30;41;59m▀[38;2;15;23;42m[48;2;15;23;42m▀[38;2;15;23;42m[48;2;15;23;42m▀[38;2;15;23;42m[48;2;15;23;42m▀[38;2;15;23;42m[48;2;15;23;42m▀[38;2;15;23;42m[48;2;15;23;42m▀[38;2;15;23;42m[48;2;15;23;42m▀[38;2;15;23;42m[48;2;15;23;42m▀[38;2;15;23;42m[48;2;15;23;42m▀[38;2;15;23;42m[48;2;15;23;42m▀[38;2;103;232;249m[48;2;15;23;42m▀[38;2;34;211;238m[48;2;103;232;249m▀[38;2;34;211;238m[48;2;34;211;238m▀[38;2;34;211;238m[48;2;34;211;238m▀[38;2;34;211;238m[48;2;34;211;238m▀[38;2;34;211;238m[48;2;34;211;238m▀[38;2;34;211;238m[48;2;34;211;238m▀[38;2;34;211;238m[48;2;34;211;238m▀[38;2;34;211;238m[48;2;34;211;238m▀[38;2;34;211;238m[48;2;34;211;238m▀[38;2;34;211;238m[48;2;8;145;178m▀[38;2;8;145;178m[48;2;21;94;117m▀[38;2;21;94;117m[48;2;21;94;117m▀[38;2;21;94;117m[48;2;15;23;42m▀[38;2;15;23;42m[48;2;15;23;42m▀[38;2;15;23;42m[48;2;15;23;42m▀[38;2;15;23;42m[48;2;15;23;42m▀[38;2;15;23;42m[48;2;15;23;42m▀[38;2;15;23;42m[48;2;15;23;42m▀[38;2;15;23;42m[48;2;15;23;42m▀[38;2;15;23;42m[48;2;15;23;42m▀[38;2;30;41;59m[48;2;30;41;59m▀[0m
[38;2;30;41;59m[48;2;30;41;59m▀[38;2;15;23;42m[48;2;15;23;42m▀[38;2;15;23;42m[48;2;15;23;42m▀[38;2;15;23;42m[48;2;15;23;42m▀[38;2;15;23;42m[48;2;15;23;42m▀[38;2;15;23;42m[48;2;15;23;42m▀[38;2;15;23;42m[48;2;103;232;249m▀[38;2;15;23;42m[48;2;103;232;249m▀[38;2;103;232;249m[48;2;34;211;238m▀[38;2;103;232;249m[48;2;34;211;238m▀[38;2;103;232;249m[48;2;34;211;238m▀[38;2;34;211;238m[48;2;34;211;238m▀[38;2;34;211;238m[48;2;34;211;238m▀[38;2;34;211;238m[48;2;34;211;238m▀[38;2;34;211;238m[48;2;34;211;238m▀[38;2;34;211;238m[48;2;34;211;238m▀[38;2;34;211;238m[48;2;34;211;238m▀[38;2;34;211;238m[48;2;34;211;238m▀[38;2;34;211;238m[48;2;34;211;238m▀[38;2;34;211;238m[48;2;34;211;238m▀[38;2;34;211;238m[48;2;34;211;238m▀[38;2;103;232;249m[48;2;34;211;238m▀[38;2;103;232;249m[48;2;34;211;238m▀[38;2;103;232;249m[48;2;34;211;238m▀[38;2;15;23;42m[48;2;103;232;249m▀[38;2;15;23;42m[48;2;103;232;249m▀[38;2;15;23;42m[48;2;15;23;42m▀[38;2;15;23;42m[48;2;15;23;42m▀[38;2;15;23;42m[48;2;15;23;42m▀[38;2;15;23;42m[48;2;15;23;42m▀[38;2;15;23;42m[48;2;15;23;42m▀[38;2;30;41;59m[48;2;30;41;59m▀[0m
[38;2;30;41;59m[48;2;30;41;59m▀[38;2;15;23;42m[48;2;15;23;42m▀[38;2;15;23;42m[48;2;15;23;42m▀[38;2;15;23;42m[48;2;15;23;42m▀[38;2;15;23;42m[48;2;15;23;42m▀[38;2;15;23;42m[48;2;15;23;42m▀[38;2;103;232;249m[48;2;15;23;42m▀[38;2;8;145;178m[48;2;21;94;117m▀[38;2;34;211;238m[48;2;103;232;249m▀[38;2;34;211;238m[48;2;8;145;178m▀[38;2;34;211;238m[48;2;8;145;178m▀[38;2;34;211;238m[48;2;34;211;238m▀[38;2;34;211;238m[48;2;34;211;238m▀[38;2;34;211;238m[48;2;34;211;238m▀[38;2;34;211;238m[48;2;34;211;238m▀[38;2;34;211;238m[48;2;34;211;238m▀[38;2;34;211;238m[48;2;34;211;238m▀[38;2;34;211;238m[48;2;34;211;238m▀[38;2;34;211;238m[48;2;34;211;238m▀[38;2;34;211;238m[48;2;34;211;238m▀[38;2;34;211;238m[48;2;34;211;238m▀[38;2;34;211;238m[48;2;8;145;178m▀[38;2;34;211;238m[48;2;8;145;178m▀[38;2;34;211;238m[48;2;8;145;178m▀[38;2;8;145;178m[48;2;21;94;117m▀[38;2;8;145;178m[48;2;21;94;117m▀[38;2;21;94;117m[48;2;21;94;117m▀[38;2;15;23;42m[48;2;15;23;42m▀[38;2;15;23;42m[48;2;15;23;42m▀[38;2;15;23;42m[48;2;15;23;42m▀[38;2;15;23;42m[48;2;15;23;42m▀[38;2;30;41;59m[48;2;30;41;59m▀[0m
[38;2;30;41;59m[48;2;30;41;59m▀[38;2;15;23;42m[48;2;15;23;42m▀[38;2;15;23;42m[48;2;15;23;42m▀[38;2;15;23;42m[48;2;15;23;42m▀[38;2;15;23;42m[48;2;15;23;42m▀[38;2;15;23;42m[48;2;15;23;42m▀[38;2;15;23;42m[48;2;15;23;42m▀[38;2;15;23;42m[48;2;15;23;42m▀[38;2;15;23;42m[48;2;15;23;42m▀[38;2;21;94;117m[48;2;15;23;42m▀[38;2;21;94;117m[48;2;103;232;249m▀[38;2;103;232;249m[48;2;34;211;238m▀[38;2;34;211;238m[48;2;34;211;238m▀[38;2;34;211;238m[48;2;34;211;238m▀[38;2;34;211;238m[48;2;34;211;238m▀[38;2;34;211;238m[48;2;34;211;238m▀[38;2;34;211;238m[48;2;34;211;238m▀[38;2;34;211;238m[48;2;34;211;238m▀[38;2;34;211;238m[48;2;34;211;238m▀[38;2;34;211;238m[48;2;34;211;238m▀[38;2;8;145;178m[48;2;34;211;238m▀[38;2;21;94;117m[48;2;103;232;249m▀[38;2;21;94;117m[48;2;15;23;42m▀[38;2;21;94;117m[48;2;15;23;42m▀[38;2;21;94;117m[48;2;15;23;42m▀[38;2;15;23;42m[48;2;15;23;42m▀[38;2;15;23;42m[48;2;15;23;42m▀[38;2;15;23;42m[48;2;15;23;42m▀[38;2;15;23;42m[48;2;15;23;42m▀[38;2;15;23;42m[48;2;15;23;42m▀[38;2;15;23;42m[48;2;15;23;42m▀[38;2;30;41;59m[48;2;30;41;59m▀[0m
[38;2;30;41;59m[48;2;30;41;59m▀[38;2;15;23;42m[48;2;15;23;42m▀[38;2;15;23;42m[48;2;15;23;42m▀[38;2;15;23;42m[48;2;15;23;42m▀[38;2;15;23;42m[48;2;15;23;42m▀[38;2;15;23;42m[48;2;15;23;42m▀[38;2;15;23;42m[48;2;15;23;42m▀[38;2;15;23;42m[48;2;15;23;42m▀[38;2;15;23;42m[48;2;103;232;249m▀[38;2;103;232;249m[48;2;34;211;238m▀[38;2;34;211;238m[48;2;34;211;238m▀[38;2;34;211;238m[48;2;34;211;238m▀[38;2;34;211;238m[48;2;8;145;178m▀[38;2;8;145;178m[48;2;21;94;117m▀[38;2;34;211;238m[48;2;103;232;249m▀[38;2;34;211;238m[48;2;34;211;238m▀[38;2;34;211;238m[48;2;34;211;238m▀[38;2;34;211;238m[48;2;8;145;178m▀[38;2;8;145;178m[48;2;21;94;117m▀[38;2;34;211;238m[48;2;103;232;249m▀[38;2;34;211;238m[48;2;34;211;238m▀[38;2;34;211;238m[48;2;34;211;238m▀[38;2;103;232;249m[48;2;34;211;238m▀[38;2;15;23;42m[48;2;103;232;249m▀[38;2;15;23;42m[48;2;15;23;42m▀[38;2;15;23;42m[48;2;15;23;42m▀[38;2;15;23;42m[48;2;15;23;42m▀[38;2;15;23;42m[48;2;15;23;42m▀[38;2;15;23;42m[48;2;15;23;42m▀[38;2;15;23;42m[48;2;15;23;42m▀[38;2;15;23;42m[48;2;15;23;42m▀[38;2;30;41;59m[48;2;30;41;59m▀[0m
[38;2;30;41;59m[48;2;30;41;59m▀[38;2;15;23;42m[48;2;15;23;42m▀[38;2;15;23;42m[48;2;15;23;42m▀[38;2;15;23;42m[48;2;15;23;42m▀[38;2;15;23;42m[48;2;15;23;42m▀[38;2;15;23;42m[48;2;15;23;42m▀[38;2;15;23;42m[48;2;103;232;249m▀[38;2;103;232;249m[48;2;34;211;238m▀[38;2;34;211;238m[48;2;34;211;238m▀[38;2;34;211;238m[48;2;34;211;238m▀[38;2;34;211;238m[48;2;8;145;178m▀[38;2;8;145;178m[48;2;21;94;117m▀[38;2;21;94;117m[48;2;21;94;117m▀[38;2;21;94;117m[48;2;15;23;42m▀[38;2;103;232;249m[48;2;103;232;249m▀[38;2;34;211;238m[48;2;34;211;238m▀[38;2;34;211;238m[48;2;34;211;238m▀[38;2;8;145;178m[48;2;8;145;178m▀[38;2;21;94;117m[48;2;21;94;117m▀[38;2;15;23;42m[48;2;15;23;42m▀[38;2;103;232;249m[48;2;15;23;42m▀[38;2;34;211;238m[48;2;103;232;249m▀[38;2;34;211;238m[48;2;34;211;238m▀[38;2;34;211;238m[48;2;34;211;238m▀[38;2;103;232;249m[48;2;34;211;238m▀[38;2;15;23;42m[48;2;103;232;249m▀[38;2;15;23;42m[48;2;15;23;42m▀[38;2;15;23;42m[48;2;15;23;42m▀[38;2;15;23;42m[48;2;15;23;42m▀[38;2;15;23;42m[48;2;15;23;42m▀[38;2;15;23;42m[48;2;15;23;42m▀[38;2;30;41;59m[48;2;30;41;59m▀[0m
[38;2;30;41;59m[48;2;30;41;59m▀[38;2;15;23;42m[48;2;15;23;42m▀[38;2;15;23;42m[48;2;15;23;42m▀[38;2;15;23;42m[48;2;15;23;42m▀[38;2;15;23;42m[48;2;15;23;42m▀[38;2;103;232;249m[48;2;15;23;42m▀[38;2;34;211;238m[48;2;103;232;249m▀[38;2;34;211;238m[48;2;8;145;178m▀[38;2;8;145;178m[48;2;21;94;117m▀[38;2;8;145;178m[48;2;21;94;117m▀[38;2;21;94;117m[48;2;21;94;117m▀[38;2;21;94;117m[48;2;15;23;42m▀[38;2;15;23;42m[48;2;15;23;42m▀[38;2;15;23;42m[48;2;15;23;42m▀[38;2;103;232;249m[48;2;103;232;249m▀[38;2;34;211;238m[48;2;34;211;238m▀[38;2;34;211;238m[48;2;34;211;238m▀[38;2;8;145;178m[48;2;8;145;178m▀[38;2;21;94;117m[48;2;21;94;117m▀[38;2;15;23;42m[48;2;15;23;42m▀[38;2;15;23;42m[48;2;15;23;42m▀[38;2;15;23;42m[48;2;15;23;42m▀[38;2;103;232;249m[48;2;15;23;42m▀[38;2;8;145;178m[48;2;21;94;117m▀[38;2;34;211;238m[48;2;103;232;249m▀[38;2;34;211;238m[48;2;8;145;178m▀[38;2;103;232;249m[48;2;21;94;117m▀[38;2;15;23;42m[48;2;21;94;117m▀[38;2;15;23;42m[48;2;15;23;42m▀[38;2;15;23;42m[48;2;15;23;42m▀[38;2;15;23;42m[48;2;15;23;42m▀[38;2;30;41;59m[48;2;30;41;59m▀[0m
[38;2;30;41;59m[48;2;30;41;59m▀[38;2;15;23;42m[48;2;15;23;42m▀[38;2;15;23;42m[48;2;15;23;42m▀[38;2;15;23;42m[48;2;15;23;42m▀[38;2;15;23;42m[48;2;15;23;42m▀[38;2;15;23;42m[48;2;15;23;42m▀[38;2;15;23;42m[48;2;15;23;42m▀[38;2;21;94;117m[48;2;15;23;42m▀[38;2;21;94;117m[48;2;15;23;42m▀[38;2;15;23;42m[48;2;15;23;42m▀[38;2;15;23;42m[48;2;15;23;42m▀[38;2;15;23;42m[48;2;15;23;42m▀[38;2;15;23;42m[48;2;15;23;42m▀[38;2;15;23;42m[48;2;15;23;42m▀[38;2;103;232;249m[48;2;103;232;249m▀[38;2;34;211;238m[48;2;34;211;238m▀[38;2;34;211;238m[48;2;34;211;238m▀[38;2;8;145;178m[48;2;8;145;178m▀[38;2;21;94;117m[48;2;21;94;117m▀[38;2;15;23;42m[48;2;15;23;42m▀[38;2;15;23;42m[48;2;15;23;42m▀[38;2;15;23;42m[48;2;15;23;42m▀[38;2;15;23;42m[48;2;15;23;42m▀[38;2;15;23;42m[48;2;15;23;42m▀[38;2;15;23;42m[48;2;15;23;42m▀[38;2;21;94;117m[48;2;15;23;42m▀[38;2;21;94;117m[48;2;15;23;42m▀[38;2;15;23;42m[48;2;15;23;42m▀[38;2;15;23;42m[48;2;15;23;42m▀[38;2;15;23;42m[48;2;15;23;42m▀[38;2;15;23;42m[48;2;15;23;42m▀[38;2;30;41;59m[48;2;30;41;59m▀[0m
[0m[38;2;30;41;59m▀[38;2;15;23;42m[48;2;30;41;59m▀[38;2;15;23;42m[48;2;15;23;42m▀[38;2;15;23;42m[48;2;15;23;42m▀[38;2;15;23;42m[48;2;15;23;42m▀[38;2;15;23;42m[48;2;15;23;42m▀[38;2;15;23;42m[48;2;15;23;42m▀[38;2;15;23;42m[48;2;15;23;42m▀[38;2;15;23;42m[48;2;15;23;42m▀[38;2;15;23;42m[48;2;15;23;42m▀[38;2;15;23;42m[48;2;15;23;42m▀[38;2;15;23;42m[48;2;15;23;42m▀[38;2;15;23;42m[48;2;15;23;42m▀[38;2;15;23;42m[48;2;15;23;42m▀[38;2;15;23;42m[48;2;15;23;42m▀[38;2;103;232;249m[48;2;15;23;42m▀[38;2;8;145;178m[48;2;21;94;117m▀[38;2;21;94;117m[48;2;21;94;117m▀[38;2;21;94;117m[48;2;15;23;42m▀[38;2;15;23;42m[48;2;15;23;42m▀[38;2;15;23;42m[48;2;15;23;42m▀[38;2;15;23;42m[48;2;15;23;42m▀[38;2;15;23;42m[48;2;15;23;42m▀[38;2;15;23;42m[48;2;15;23;42m▀[38;2;15;23;42m[48;2;15;23;42m▀[38;2;15;23;42m[48;2;15;23;42m▀[38;2;15;23;42m[48;2;15;23;42m▀[38;2;15;23;42m[48;2;15;23;42m▀[38;2;15;23;42m[48;2;15;23;42m▀[38;2;15;23;42m[48;2;15;23;42m▀[38;2;15;23;42m[48;2;30;41;59m▀[0m[38;2;30;41;59m▀[0m
[0m [0m [0m[38;2;30;41;59m▀[38;2;15;23;42m[48;2;30;41;59m▀[38;2;15;23;42m[48;2;30;41;59m▀[38;2;15;23;42m[48;2;30;41;59m▀[38;2;15;23;42m[48;2;30;41;59m▀[38;2;15;23;42m[48;2;30;41;59m▀[38;2;15;23;42m[48;2;30;41;59m▀[38;2;15;23;42m[48;2;30;41;59m▀[38;2;15;23;42m[48;2;30;41;59m▀[38;2;15;23;42m[48;2;30;41;59m▀[38;2;15;23;42m[48;2;30;41;59m▀[38;2;15;23;42m[48;2;30;41;59m▀[38;2;15;23;42m[48;2;30;41;59m▀[38;2;15;23;42m[48;2;30;41;59m▀[38;2;15;23;42m[48;2;30;41;59m▀[38;2;15;23;42m[48;2;30;41;59m▀[38;2;15;23;42m[48;2;30;41;59m▀[38;2;15;23;42m[48;2;30;41;59m▀[38;2;15;23;42m[48;2;30;41;59m▀[38;2;15;23;42m[48;2;30;41;59m▀[38;2;15;23;42m[48;2;30;41;59m▀[38;2;15;23;42m[48;2;30;41;59m▀[38;2;15;23;42m[48;2;30;41;59m▀[38;2;15;23;42m[48;2;30;41;59m▀[38;2;15;23;42m[48;2;30;41;59m▀[38;2;15;23;42m[48;2;30;41;59m▀[38;2;15;23;42m[48;2;30;41;59m▀[0m[38;2;30;41;59m▀[0m [0m [0m
